default: -1.1170216158687776
response_1.json: -1.0490011732880482
response_2.json: -0.9599051424304403
response_3.json: -0.9829690419222862
response_4.json: -1.0553221025689175
response_5.json: -0.9914617120287079
response_6.json: -1.047397939167921
response_7.json: -0.9955062857943057
response_8.json: -0.9844888522464212
