default:  -1.0502143475097947
response_1.json: -0.9976854613749117
response_2.json: -0.9672484338093212
response_3.json: -0.9801665842267037
response_4.json: -0.8958760255544532
response_5.json: -0.9973852992543029
response_6.json: -0.9467526356877076
response_7.json: -0.9755208415887934
response_8.json: -1.0094083079545548
